32
60
 0.000000000D+00 0.000000000D+00 0.100000000D+01
 0.000000000D+00 0.000000000D+00 -.100000000D+01
 0.491123473D+00 0.356822090D+00 0.794654472D+00
 -.187592474D+00 0.577350269D+00 0.794654472D+00
 -.607061998D+00 0.743436533D-16 0.794654472D+00
 -.187592474D+00 -.577350269D+00 0.794654472D+00
 0.491123473D+00 -.356822090D+00 0.794654472D+00
 0.894427191D+00 0.000000000D+00 0.447213595D+00
 0.276393202D+00 0.850650808D+00 0.447213595D+00
 -.723606798D+00 0.525731112D+00 0.447213595D+00
 -.723606798D+00 -.525731112D+00 0.447213595D+00
 0.276393202D+00 -.850650808D+00 0.447213595D+00
 0.794654472D+00 0.577350269D+00 0.187592474D+00
 -.303530999D+00 0.934172359D+00 0.187592474D+00
 -.982246946D+00 0.120290558D-15 0.187592474D+00
 -.303530999D+00 -.934172359D+00 0.187592474D+00
 0.794654472D+00 -.577350269D+00 0.187592474D+00
 0.982246946D+00 0.000000000D+00 -.187592474D+00
 0.303530999D+00 0.934172359D+00 -.187592474D+00
 -.794654472D+00 0.577350269D+00 -.187592474D+00
 -.794654472D+00 -.577350269D+00 -.187592474D+00
 0.303530999D+00 -.934172359D+00 -.187592474D+00
 0.723606798D+00 0.525731112D+00 -.447213595D+00
 -.276393202D+00 0.850650808D+00 -.447213595D+00
 -.894427191D+00 0.109535740D-15 -.447213595D+00
 -.276393202D+00 -.850650808D+00 -.447213595D+00
 0.723606798D+00 -.525731112D+00 -.447213595D+00
 0.607061998D+00 0.000000000D+00 -.794654472D+00
 0.187592474D+00 0.577350269D+00 -.794654472D+00
 -.491123473D+00 0.356822090D+00 -.794654472D+00
 -.491123473D+00 -.356822090D+00 -.794654472D+00
 0.187592474D+00 -.577350269D+00 -.794654472D+00
     1     1     3     4
     2     1     3     7
     3     1     4     5
     4     1     5     6
     5     1     6     7
     6     2    28    29
     7     2    28    32
     8     2    29    30
     9     2    30    31
    10     2    31    32
    11     3     4     9
    12     3     7     8
    13     3     8    13
    14     3     9    13
    15     4     5    10
    16     4     9    14
    17     4    10    14
    18     5     6    11
    19     5    10    15
    20     5    11    15
    21     6     7    12
    22     6    11    16
    23     6    12    16
    24     7     8    17
    25     7    12    17
    26     8    13    18
    27     8    17    18
    28     9    13    19
    29     9    14    19
    30    10    14    20
    31    10    15    20
    32    11    15    21
    33    11    16    21
    34    12    16    22
    35    12    17    22
    36    13    18    23
    37    13    19    23
    38    14    19    24
    39    14    20    24
    40    15    20    25
    41    15    21    25
    42    16    21    26
    43    16    22    26
    44    17    18    27
    45    17    22    27
    46    18    23    28
    47    18    27    28
    48    19    23    29
    49    19    24    29
    50    20    24    30
    51    20    25    30
    52    21    25    31
    53    21    26    31
    54    22    26    32
    55    22    27    32
    56    23    28    29
    57    24    29    30
    58    25    30    31
    59    26    31    32
    60    27    28    32
