482
960
 0.000000000D+00 0.000000000D+00 0.100000000D+01
 0.000000000D+00 0.000000000D+00 -.100000000D+01
 0.491123473D+00 0.356822090D+00 0.794654472D+00
 -.187592474D+00 0.577350269D+00 0.794654472D+00
 -.607061998D+00 0.743436533D-16 0.794654472D+00
 -.187592474D+00 -.577350269D+00 0.794654472D+00
 0.491123473D+00 -.356822090D+00 0.794654472D+00
 0.894427191D+00 0.000000000D+00 0.447213595D+00
 0.276393202D+00 0.850650808D+00 0.447213595D+00
 -.723606798D+00 0.525731112D+00 0.447213595D+00
 -.723606798D+00 -.525731112D+00 0.447213595D+00
 0.276393202D+00 -.850650808D+00 0.447213595D+00
 0.794654472D+00 0.577350269D+00 0.187592474D+00
 -.303530999D+00 0.934172359D+00 0.187592474D+00
 -.982246946D+00 0.120290558D-15 0.187592474D+00
 -.303530999D+00 -.934172359D+00 0.187592474D+00
 0.794654472D+00 -.577350269D+00 0.187592474D+00
 0.982246946D+00 0.000000000D+00 -.187592474D+00
 0.303530999D+00 0.934172359D+00 -.187592474D+00
 -.794654472D+00 0.577350269D+00 -.187592474D+00
 -.794654472D+00 -.577350269D+00 -.187592474D+00
 0.303530999D+00 -.934172359D+00 -.187592474D+00
 0.723606798D+00 0.525731112D+00 -.447213595D+00
 -.276393202D+00 0.850650808D+00 -.447213595D+00
 -.894427191D+00 0.109535740D-15 -.447213595D+00
 -.276393202D+00 -.850650808D+00 -.447213595D+00
 0.723606798D+00 -.525731112D+00 -.447213595D+00
 0.607061998D+00 0.000000000D+00 -.794654472D+00
 0.187592474D+00 0.577350269D+00 -.794654472D+00
 -.491123473D+00 0.356822090D+00 -.794654472D+00
 -.491123473D+00 -.356822090D+00 -.794654472D+00
 0.187592474D+00 -.577350269D+00 -.794654472D+00
 0.259230007D+00 0.188341624D+00 0.947273580D+00
 -.990170517D-01 0.304743150D+00 0.947273580D+00
 -.320425910D+00 0.392408565D-16 0.947273580D+00
 -.990170517D-01 -.304743150D+00 0.947273580D+00
 0.259230007D+00 -.188341624D+00 0.947273580D+00
 0.320425910D+00 0.000000000D+00 -.947273580D+00
 0.990170517D-01 0.304743150D+00 -.947273580D+00
 -.259230007D+00 0.188341624D+00 -.947273580D+00
 -.259230007D+00 -.188341624D+00 -.947273580D+00
 0.990170517D-01 -.304743150D+00 -.947273580D+00
 0.162459848D+00 0.500000000D+00 0.850650808D+00
 0.525731112D+00 -.594228150D-16 0.850650808D+00
 0.731336064D+00 0.188341624D+00 0.655495991D+00
 0.405118802D+00 0.637341167D+00 0.655495991D+00
 0.688190960D+00 0.500000000D+00 0.525731112D+00
 -.425325404D+00 0.309016994D+00 0.850650808D+00
 0.468717433D-01 0.753742692D+00 0.655495991D+00
 -.480958875D+00 0.582240128D+00 0.655495991D+00
 -.262865556D+00 0.809016994D+00 0.525731112D+00
 -.425325404D+00 -.309016994D+00 0.850650808D+00
 -.702367734D+00 0.277496978D+00 0.655495991D+00
 -.702367734D+00 -.277496978D+00 0.655495991D+00
 -.850650808D+00 0.104174679D-15 0.525731112D+00
 0.162459848D+00 -.500000000D+00 0.850650808D+00
 -.480958875D+00 -.582240128D+00 0.655495991D+00
 0.468717433D-01 -.753742692D+00 0.655495991D+00
 -.262865556D+00 -.809016994D+00 0.525731112D+00
 0.731336064D+00 -.188341624D+00 0.655495991D+00
 0.405118802D+00 -.637341167D+00 0.655495991D+00
 0.688190960D+00 -.500000000D+00 0.525731112D+00
 0.891549019D+00 0.304743150D+00 0.335070080D+00
 0.891549019D+00 -.304743150D+00 0.335070080D+00
 0.990566071D+00 0.000000000D+00 0.137035977D+00
 0.565331757D+00 0.753742692D+00 0.335070080D+00
 -.143241601D-01 0.942084317D+00 0.335070080D+00
 0.306101750D+00 0.942084317D+00 0.137035977D+00
 -.542154779D+00 0.770581752D+00 0.335070080D+00
 -.900401837D+00 0.277496978D+00 0.335070080D+00
 -.801384785D+00 0.582240128D+00 0.137035977D+00
 -.900401837D+00 -.277496978D+00 0.335070080D+00
 -.542154779D+00 -.770581752D+00 0.335070080D+00
 -.801384785D+00 -.582240128D+00 0.137035977D+00
 -.143241601D-01 -.942084317D+00 0.335070080D+00
 0.565331757D+00 -.753742692D+00 0.335070080D+00
 0.306101750D+00 -.942084317D+00 0.137035977D+00
 0.951056516D+00 0.309016994D+00 0.594228150D-16
 0.587785252D+00 0.809016994D+00 0.594228150D-16
 0.801384785D+00 0.582240128D+00 -.137035977D+00
 0.891342224D-16 0.100000000D+01 0.594228150D-16
 -.587785252D+00 0.809016994D+00 0.594228150D-16
 -.306101750D+00 0.942084317D+00 -.137035977D+00
 -.951056516D+00 0.309016994D+00 0.594228150D-16
 -.951056516D+00 -.309016994D+00 0.594228150D-16
 -.990566071D+00 0.121309357D-15 -.137035977D+00
 -.587785252D+00 -.809016994D+00 0.594228150D-16
 -.207979852D-15 -.100000000D+01 0.594228150D-16
 -.306101750D+00 -.942084317D+00 -.137035977D+00
 0.951056516D+00 -.309016994D+00 0.594228150D-16
 0.587785252D+00 -.809016994D+00 0.594228150D-16
 0.801384785D+00 -.582240128D+00 -.137035977D+00
 0.900401837D+00 0.277496978D+00 -.335070080D+00
 0.900401837D+00 -.277496978D+00 -.335070080D+00
 0.850650808D+00 0.000000000D+00 -.525731112D+00
 0.542154779D+00 0.770581752D+00 -.335070080D+00
 0.143241601D-01 0.942084317D+00 -.335070080D+00
 0.262865556D+00 0.809016994D+00 -.525731112D+00
 -.565331757D+00 0.753742692D+00 -.335070080D+00
 -.891549019D+00 0.304743150D+00 -.335070080D+00
 -.688190960D+00 0.500000000D+00 -.525731112D+00
 -.891549019D+00 -.304743150D+00 -.335070080D+00
 -.565331757D+00 -.753742692D+00 -.335070080D+00
 -.688190960D+00 -.500000000D+00 -.525731112D+00
 0.143241601D-01 -.942084317D+00 -.335070080D+00
 0.542154779D+00 -.770581752D+00 -.335070080D+00
 0.262865556D+00 -.809016994D+00 -.525731112D+00
 0.702367734D+00 0.277496978D+00 -.655495991D+00
 0.480958875D+00 0.582240128D+00 -.655495991D+00
 -.468717433D-01 0.753742692D+00 -.655495991D+00
 -.405118802D+00 0.637341167D+00 -.655495991D+00
 -.731336064D+00 0.188341624D+00 -.655495991D+00
 -.731336064D+00 -.188341624D+00 -.655495991D+00
 -.405118802D+00 -.637341167D+00 -.655495991D+00
 -.468717433D-01 -.753742692D+00 -.655495991D+00
 0.702367734D+00 -.277496978D+00 -.655495991D+00
 0.480958875D+00 -.582240128D+00 -.655495991D+00
 0.425325404D+00 0.309016994D+00 -.850650808D+00
 0.425325404D+00 -.309016994D+00 -.850650808D+00
 -.162459848D+00 0.500000000D+00 -.850650808D+00
 -.525731112D+00 0.891342224D-16 -.850650808D+00
 -.162459848D+00 -.500000000D+00 -.850650808D+00
 0.131358079D+00 0.954372305D-01 0.986730353D+00
 -.501743213D-01 0.154420683D+00 0.986730353D+00
 -.162367515D+00 0.198842857D-16 0.986730353D+00
 -.501743213D-01 -.154420683D+00 0.986730353D+00
 0.131358079D+00 -.954372305D-01 0.986730353D+00
 0.162367515D+00 0.000000000D+00 -.986730353D+00
 0.501743213D-01 0.154420683D+00 -.986730353D+00
 -.131358079D+00 0.954372305D-01 -.986730353D+00
 -.131358079D+00 -.954372305D-01 -.986730353D+00
 0.501743213D-01 -.154420683D+00 -.986730353D+00
 0.380222154D+00 0.276247565D+00 0.882676836D+00
 0.332306148D+00 0.435640322D+00 0.836534598D+00
 0.517006814D+00 0.181421665D+00 0.836534598D+00
 0.619449647D+00 0.276247565D+00 0.734826114D+00
 0.454147514D+00 0.503766431D+00 0.734826114D+00
 0.599607463D+00 0.435640322D+00 0.671333300D+00
 -.145231939D+00 0.446977949D+00 0.882676836D+00
 -.127783648D-01 0.547765077D+00 0.836534598D+00
 -.311630320D+00 0.450662191D+00 0.836534598D+00
 -.713065785D-01 0.674496815D+00 0.734826114D+00
 -.338771047D+00 0.587592341D+00 0.734826114D+00
 -.229029671D+00 0.704880848D+00 0.671333300D+00
 -.469980428D+00 0.575560027D-16 0.882676836D+00
 -.524904278D+00 0.157115771D+00 0.836534598D+00
 -.524904278D+00 -.157115771D+00 0.836534598D+00
 -.663519536D+00 0.140614392D+00 0.734826114D+00
 -.663519536D+00 -.140614392D+00 0.734826114D+00
 -.741155584D+00 0.907653814D-16 0.671333300D+00
 -.145231939D+00 -.446977949D+00 0.882676836D+00
 -.311630320D+00 -.450662191D+00 0.836534598D+00
 -.127783648D-01 -.547765077D+00 0.836534598D+00
 -.338771047D+00 -.587592341D+00 0.734826114D+00
 -.713065785D-01 -.674496815D+00 0.734826114D+00
 -.229029671D+00 -.704880848D+00 0.671333300D+00
 0.380222154D+00 -.276247565D+00 0.882676836D+00
 0.517006814D+00 -.181421665D+00 0.836534598D+00
 0.332306148D+00 -.435640322D+00 0.836534598D+00
 0.619449647D+00 -.276247565D+00 0.734826114D+00
 0.454147514D+00 -.503766431D+00 0.734826114D+00
 0.599607463D+00 -.435640322D+00 0.671333300D+00
 0.823813340D+00 0.954372305D-01 0.558769466D+00
 0.823813340D+00 -.954372305D-01 0.558769466D+00
 0.904997097D+00 0.154420683D+00 0.396401952D+00
 0.904997097D+00 -.154420683D+00 0.396401952D+00
 0.955171418D+00 0.000000000D+00 0.296053309D+00
 0.345338522D+00 0.754001319D+00 0.558769466D+00
 0.163806122D+00 0.812984771D+00 0.558769466D+00
 0.426522279D+00 0.812984771D+00 0.396401952D+00
 0.132796686D+00 0.908422001D+00 0.396401952D+00
 0.295164201D+00 0.908422001D+00 0.296053309D+00
 -.610382395D+00 0.561435673D+00 0.558769466D+00
 -.722575589D+00 0.407014990D+00 0.558769466D+00
 -.641391831D+00 0.656872904D+00 0.396401952D+00
 -.822924231D+00 0.407014990D+00 0.396401952D+00
 -.772749910D+00 0.561435673D+00 0.296053309D+00
 -.722575589D+00 -.407014990D+00 0.558769466D+00
 -.610382395D+00 -.561435673D+00 0.558769466D+00
 -.822924231D+00 -.407014990D+00 0.396401952D+00
 -.641391831D+00 -.656872904D+00 0.396401952D+00
 -.772749910D+00 -.561435673D+00 0.296053309D+00
 0.163806122D+00 -.812984771D+00 0.558769466D+00
 0.345338522D+00 -.754001319D+00 0.558769466D+00
 0.132796686D+00 -.908422001D+00 0.396401952D+00
 0.426522279D+00 -.812984771D+00 0.396401952D+00
 0.295164201D+00 -.908422001D+00 0.296053309D+00
 0.753933949D+00 0.547765077D+00 0.362680328D+00
 0.854439861D+00 0.446977949D+00 0.264845686D+00
 0.689137729D+00 0.674496815D+00 0.264845686D+00
 0.887584606D+00 0.450662191D+00 0.953790137D-01
 0.702883941D+00 0.704880848D+00 0.953790137D-01
 0.808751475D+00 0.587592341D+00 0.256181928D-01
 -.287977143D+00 0.886302513D+00 0.362680328D+00
 -.161064853D+00 0.950744380D+00 0.264845686D+00
 -.428529322D+00 0.863839906D+00 0.264845686D+00
 -.154326486D+00 0.983405399D+00 0.953790137D-01
 -.453178441D+00 0.886302513D+00 0.953790137D-01
 -.308915575D+00 0.950744380D+00 0.256181928D-01
 -.931913612D+00 0.114126502D-15 0.362680328D+00
 -.953983415D+00 0.140614392D+00 0.264845686D+00
 -.953983415D+00 -.140614392D+00 0.264845686D+00
 -.982963620D+00 0.157115771D+00 0.953790137D-01
 -.982963620D+00 -.157115771D+00 0.953790137D-01
 -.999671800D+00 0.122424487D-15 0.256181928D-01
 -.287977143D+00 -.886302513D+00 0.362680328D+00
 -.428529322D+00 -.863839906D+00 0.264845686D+00
 -.161064853D+00 -.950744380D+00 0.264845686D+00
 -.453178441D+00 -.886302513D+00 0.953790137D-01
 -.154326486D+00 -.983405399D+00 0.953790137D-01
 -.308915575D+00 -.950744380D+00 0.256181928D-01
 0.753933949D+00 -.547765077D+00 0.362680328D+00
 0.854439861D+00 -.446977949D+00 0.264845686D+00
 0.689137729D+00 -.674496815D+00 0.264845686D+00
 0.887584606D+00 -.450662191D+00 0.953790137D-01
 0.702883941D+00 -.704880848D+00 0.953790137D-01
 0.808751475D+00 -.587592341D+00 0.256181928D-01
 0.999671800D+00 0.000000000D+00 -.256181928D-01
 0.982963620D+00 0.157115771D+00 -.953790137D-01
 0.982963620D+00 -.157115771D+00 -.953790137D-01
 0.953983415D+00 0.140614392D+00 -.264845686D+00
 0.953983415D+00 -.140614392D+00 -.264845686D+00
 0.931913612D+00 0.000000000D+00 -.362680328D+00
 0.308915575D+00 0.950744380D+00 -.256181928D-01
 0.453178441D+00 0.886302513D+00 -.953790137D-01
 0.154326486D+00 0.983405399D+00 -.953790137D-01
 0.428529322D+00 0.863839906D+00 -.264845686D+00
 0.161064853D+00 0.950744380D+00 -.264845686D+00
 0.287977143D+00 0.886302513D+00 -.362680328D+00
 -.808751475D+00 0.587592341D+00 -.256181928D-01
 -.702883941D+00 0.704880848D+00 -.953790137D-01
 -.887584606D+00 0.450662191D+00 -.953790137D-01
 -.689137729D+00 0.674496815D+00 -.264845686D+00
 -.854439861D+00 0.446977949D+00 -.264845686D+00
 -.753933949D+00 0.547765077D+00 -.362680328D+00
 -.808751475D+00 -.587592341D+00 -.256181928D-01
 -.887584606D+00 -.450662191D+00 -.953790137D-01
 -.702883941D+00 -.704880848D+00 -.953790137D-01
 -.854439861D+00 -.446977949D+00 -.264845686D+00
 -.689137729D+00 -.674496815D+00 -.264845686D+00
 -.753933949D+00 -.547765077D+00 -.362680328D+00
 0.308915575D+00 -.950744380D+00 -.256181928D-01
 0.154326486D+00 -.983405399D+00 -.953790137D-01
 0.453178441D+00 -.886302513D+00 -.953790137D-01
 0.161064853D+00 -.950744380D+00 -.264845686D+00
 0.428529322D+00 -.863839906D+00 -.264845686D+00
 0.287977143D+00 -.886302513D+00 -.362680328D+00
 0.772749910D+00 0.561435673D+00 -.296053309D+00
 0.822924231D+00 0.407014990D+00 -.396401952D+00
 0.641391831D+00 0.656872904D+00 -.396401952D+00
 0.722575589D+00 0.407014990D+00 -.558769466D+00
 0.610382395D+00 0.561435673D+00 -.558769466D+00
 -.295164201D+00 0.908422001D+00 -.296053309D+00
 -.132796686D+00 0.908422001D+00 -.396401952D+00
 -.426522279D+00 0.812984771D+00 -.396401952D+00
 -.163806122D+00 0.812984771D+00 -.558769466D+00
 -.345338522D+00 0.754001319D+00 -.558769466D+00
 -.955171418D+00 0.116974762D-15 -.296053309D+00
 -.904997097D+00 0.154420683D+00 -.396401952D+00
 -.904997097D+00 -.154420683D+00 -.396401952D+00
 -.823813340D+00 0.954372305D-01 -.558769466D+00
 -.823813340D+00 -.954372305D-01 -.558769466D+00
 -.295164201D+00 -.908422001D+00 -.296053309D+00
 -.426522279D+00 -.812984771D+00 -.396401952D+00
 -.132796686D+00 -.908422001D+00 -.396401952D+00
 -.345338522D+00 -.754001319D+00 -.558769466D+00
 -.163806122D+00 -.812984771D+00 -.558769466D+00
 0.772749910D+00 -.561435673D+00 -.296053309D+00
 0.822924231D+00 -.407014990D+00 -.396401952D+00
 0.641391831D+00 -.656872904D+00 -.396401952D+00
 0.722575589D+00 -.407014990D+00 -.558769466D+00
 0.610382395D+00 -.561435673D+00 -.558769466D+00
 0.469980428D+00 0.000000000D+00 -.882676836D+00
 0.741155584D+00 0.000000000D+00 -.671333300D+00
 0.663519536D+00 0.140614392D+00 -.734826114D+00
 0.663519536D+00 -.140614392D+00 -.734826114D+00
 0.524904278D+00 0.157115771D+00 -.836534598D+00
 0.524904278D+00 -.157115771D+00 -.836534598D+00
 0.145231939D+00 0.446977949D+00 -.882676836D+00
 0.229029671D+00 0.704880848D+00 -.671333300D+00
 0.338771047D+00 0.587592341D+00 -.734826114D+00
 0.713065785D-01 0.674496815D+00 -.734826114D+00
 0.311630320D+00 0.450662191D+00 -.836534598D+00
 0.127783648D-01 0.547765077D+00 -.836534598D+00
 -.380222154D+00 0.276247565D+00 -.882676836D+00
 -.599607463D+00 0.435640322D+00 -.671333300D+00
 -.454147514D+00 0.503766431D+00 -.734826114D+00
 -.619449647D+00 0.276247565D+00 -.734826114D+00
 -.332306148D+00 0.435640322D+00 -.836534598D+00
 -.517006814D+00 0.181421665D+00 -.836534598D+00
 -.380222154D+00 -.276247565D+00 -.882676836D+00
 -.599607463D+00 -.435640322D+00 -.671333300D+00
 -.619449647D+00 -.276247565D+00 -.734826114D+00
 -.454147514D+00 -.503766431D+00 -.734826114D+00
 -.517006814D+00 -.181421665D+00 -.836534598D+00
 -.332306148D+00 -.435640322D+00 -.836534598D+00
 0.145231939D+00 -.446977949D+00 -.882676836D+00
 0.229029671D+00 -.704880848D+00 -.671333300D+00
 0.713065785D-01 -.674496815D+00 -.734826114D+00
 0.338771047D+00 -.587592341D+00 -.734826114D+00
 0.311630320D+00 -.450662191D+00 -.836534598D+00
 0.127783648D-01 -.547765077D+00 -.836534598D+00
 0.815662213D-01 0.251035016D+00 0.964535314D+00
 0.263953837D+00 -.282613528D-16 0.964535314D+00
 0.213965678D+00 0.349264941D+00 0.912267882D+00
 0.398289729D+00 0.955646500D-01 0.912267882D+00
 -.213543140D+00 0.155148172D+00 0.964535314D+00
 0.321909119D-01 0.408327143D+00 0.912267882D+00
 -.266051668D+00 0.311422255D+00 0.912267882D+00
 -.213543140D+00 -.155148172D+00 0.964535314D+00
 -.378394651D+00 0.156795403D+00 0.912267882D+00
 -.378394651D+00 -.156795403D+00 0.912267882D+00
 0.815662213D-01 -.251035016D+00 0.964535314D+00
 -.266051668D+00 -.311422255D+00 0.912267882D+00
 0.321909119D-01 -.408327143D+00 0.912267882D+00
 0.398289729D+00 -.955646500D-01 0.912267882D+00
 0.213965678D+00 -.349264941D+00 0.912267882D+00
 0.213543140D+00 0.155148172D+00 -.964535314D+00
 0.213543140D+00 -.155148172D+00 -.964535314D+00
 0.378394651D+00 0.156795403D+00 -.912267882D+00
 0.378394651D+00 -.156795403D+00 -.912267882D+00
 -.815662213D-01 0.251035016D+00 -.964535314D+00
 0.266051668D+00 0.311422255D+00 -.912267882D+00
 -.321909119D-01 0.408327143D+00 -.912267882D+00
 -.263953837D+00 0.423920292D-16 -.964535314D+00
 -.213965678D+00 0.349264941D+00 -.912267882D+00
 -.398289729D+00 0.955646500D-01 -.912267882D+00
 -.815662213D-01 -.251035016D+00 -.964535314D+00
 -.398289729D+00 -.955646500D-01 -.912267882D+00
 -.213965678D+00 -.349264941D+00 -.912267882D+00
 0.266051668D+00 -.311422255D+00 -.912267882D+00
 -.321909119D-01 -.408327143D+00 -.912267882D+00
 0.287989738D+00 0.577087571D+00 0.764219763D+00
 0.106214971D+00 0.636149773D+00 0.764219763D+00
 0.637836618D+00 0.955646500D-01 0.764219763D+00
 0.637836618D+00 -.955646500D-01 0.764219763D+00
 0.720268839D+00 0.349264941D+00 0.599355320D+00
 0.744662867D+00 -.282613528D-16 0.667440794D+00
 0.826229089D+00 0.251035016D+00 0.504308352D+00
 0.554746010D+00 0.577087571D+00 0.599355320D+00
 0.230113481D+00 0.708216472D+00 0.667440794D+00
 0.494067318D+00 0.708216472D+00 0.504308352D+00
 0.801560986D+00 0.408327143D+00 0.436771027D+00
 0.636038157D+00 0.636149773D+00 0.436771027D+00
 -.459849172D+00 0.452224383D+00 0.764219763D+00
 -.572192155D+00 0.297597531D+00 0.764219763D+00
 -.109595386D+00 0.792945176D+00 0.599355320D+00
 0.165703415D-01 0.863364645D+00 0.504308352D+00
 -.377416950D+00 0.705924675D+00 0.599355320D+00
 -.602444915D+00 0.437701851D+00 0.667440794D+00
 -.520878693D+00 0.688736868D+00 0.504308352D+00
 -.140646223D+00 0.888509826D+00 0.436771027D+00
 -.408467787D+00 0.801489324D+00 0.436771027D+00
 -.572192155D+00 -.297597531D+00 0.764219763D+00
 -.459849172D+00 -.452224383D+00 0.764219763D+00
 -.788002513D+00 0.140802128D+00 0.599355320D+00
 -.815988054D+00 0.282553679D+00 0.504308352D+00
 -.788002513D+00 -.140802128D+00 0.599355320D+00
 -.602444915D+00 -.437701851D+00 0.667440794D+00
 -.815988054D+00 -.282553679D+00 0.504308352D+00
 -.888485133D+00 0.140802128D+00 0.436771027D+00
 -.888485133D+00 -.140802128D+00 0.436771027D+00
 0.106214971D+00 -.636149773D+00 0.764219763D+00
 0.287989738D+00 -.577087571D+00 0.764219763D+00
 -.377416950D+00 -.705924675D+00 0.599355320D+00
 -.520878693D+00 -.688736868D+00 0.504308352D+00
 -.109595386D+00 -.792945176D+00 0.599355320D+00
 0.230113481D+00 -.708216472D+00 0.667440794D+00
 0.165703415D-01 -.863364645D+00 0.504308352D+00
 -.408467787D+00 -.801489324D+00 0.436771027D+00
 -.140646223D+00 -.888509826D+00 0.436771027D+00
 0.720268839D+00 -.349264941D+00 0.599355320D+00
 0.826229089D+00 -.251035016D+00 0.504308352D+00
 0.554746010D+00 -.577087571D+00 0.599355320D+00
 0.494067318D+00 -.708216472D+00 0.504308352D+00
 0.801560986D+00 -.408327143D+00 0.436771027D+00
 0.636038157D+00 -.636149773D+00 0.436771027D+00
 0.958206007D+00 0.155148172D+00 0.240354515D+00
 0.934939122D+00 0.311422255D+00 0.170014754D+00
 0.958206007D+00 -.155148172D+00 0.240354515D+00
 0.934939122D+00 -.311422255D+00 0.170014754D+00
 0.985180432D+00 0.156795403D+00 0.695321346D-01
 0.985180432D+00 -.156795403D+00 0.695321346D-01
 0.443656621D+00 0.863364645D+00 0.240354515D+00
 0.585092242D+00 0.792945176D+00 0.170014754D+00
 0.148547260D+00 0.959251489D+00 0.240354515D+00
 -.726808718D-02 0.985414714D+00 0.170014754D+00
 0.453558786D+00 0.888509826D+00 0.695321346D-01
 0.155316206D+00 0.985414714D+00 0.695321346D-01
 -.684011136D+00 0.688736868D+00 0.240354515D+00
 -.573332230D+00 0.801489324D+00 0.170014754D+00
 -.866398751D+00 0.437701851D+00 0.240354515D+00
 -.939431047D+00 0.297597531D+00 0.170014754D+00
 -.704865687D+00 0.705924675D+00 0.695321346D-01
 -.889189738D+00 0.452224383D+00 0.695321346D-01
 -.866398751D+00 -.437701851D+00 0.240354515D+00
 -.939431047D+00 -.297597531D+00 0.170014754D+00
 -.684011136D+00 -.688736868D+00 0.240354515D+00
 -.573332230D+00 -.801489324D+00 0.170014754D+00
 -.889189738D+00 -.452224383D+00 0.695321346D-01
 -.704865687D+00 -.705924675D+00 0.695321346D-01
 0.148547260D+00 -.959251489D+00 0.240354515D+00
 -.726808718D-02 -.985414714D+00 0.170014754D+00
 0.443656621D+00 -.863364645D+00 0.240354515D+00
 0.585092242D+00 -.792945176D+00 0.170014754D+00
 0.155316206D+00 -.985414714D+00 0.695321346D-01
 0.453558786D+00 -.888509826D+00 0.695321346D-01
 0.889189738D+00 0.452224383D+00 -.695321346D-01
 0.939431047D+00 0.297597531D+00 -.170014754D+00
 0.704865687D+00 0.705924675D+00 -.695321346D-01
 0.573332230D+00 0.801489324D+00 -.170014754D+00
 0.866398751D+00 0.437701851D+00 -.240354515D+00
 0.684011136D+00 0.688736868D+00 -.240354515D+00
 -.155316206D+00 0.985414714D+00 -.695321346D-01
 0.726808718D-02 0.985414714D+00 -.170014754D+00
 -.453558786D+00 0.888509826D+00 -.695321346D-01
 -.585092242D+00 0.792945176D+00 -.170014754D+00
 -.148547260D+00 0.959251489D+00 -.240354515D+00
 -.443656621D+00 0.863364645D+00 -.240354515D+00
 -.985180432D+00 0.156795403D+00 -.695321346D-01
 -.934939122D+00 0.311422255D+00 -.170014754D+00
 -.985180432D+00 -.156795403D+00 -.695321346D-01
 -.934939122D+00 -.311422255D+00 -.170014754D+00
 -.958206007D+00 0.155148172D+00 -.240354515D+00
 -.958206007D+00 -.155148172D+00 -.240354515D+00
 -.453558786D+00 -.888509826D+00 -.695321346D-01
 -.585092242D+00 -.792945176D+00 -.170014754D+00
 -.155316206D+00 -.985414714D+00 -.695321346D-01
 0.726808718D-02 -.985414714D+00 -.170014754D+00
 -.443656621D+00 -.863364645D+00 -.240354515D+00
 -.148547260D+00 -.959251489D+00 -.240354515D+00
 0.889189738D+00 -.452224383D+00 -.695321346D-01
 0.939431047D+00 -.297597531D+00 -.170014754D+00
 0.704865687D+00 -.705924675D+00 -.695321346D-01
 0.573332230D+00 -.801489324D+00 -.170014754D+00
 0.866398751D+00 -.437701851D+00 -.240354515D+00
 0.684011136D+00 -.688736868D+00 -.240354515D+00
 0.888485133D+00 0.140802128D+00 -.436771027D+00
 0.815988054D+00 0.282553679D+00 -.504308352D+00
 0.888485133D+00 -.140802128D+00 -.436771027D+00
 0.815988054D+00 -.282553679D+00 -.504308352D+00
 0.788002513D+00 0.140802128D+00 -.599355320D+00
 0.788002513D+00 -.140802128D+00 -.599355320D+00
 0.408467787D+00 0.801489324D+00 -.436771027D+00
 0.520878693D+00 0.688736868D+00 -.504308352D+00
 0.140646223D+00 0.888509826D+00 -.436771027D+00
 -.165703415D-01 0.863364645D+00 -.504308352D+00
 0.377416950D+00 0.705924675D+00 -.599355320D+00
 0.109595386D+00 0.792945176D+00 -.599355320D+00
 -.636038157D+00 0.636149773D+00 -.436771027D+00
 -.494067318D+00 0.708216472D+00 -.504308352D+00
 -.801560986D+00 0.408327143D+00 -.436771027D+00
 -.826229089D+00 0.251035016D+00 -.504308352D+00
 -.554746010D+00 0.577087571D+00 -.599355320D+00
 -.720268839D+00 0.349264941D+00 -.599355320D+00
 -.801560986D+00 -.408327143D+00 -.436771027D+00
 -.826229089D+00 -.251035016D+00 -.504308352D+00
 -.636038157D+00 -.636149773D+00 -.436771027D+00
 -.494067318D+00 -.708216472D+00 -.504308352D+00
 -.720268839D+00 -.349264941D+00 -.599355320D+00
 -.554746010D+00 -.577087571D+00 -.599355320D+00
 0.140646223D+00 -.888509826D+00 -.436771027D+00
 -.165703415D-01 -.863364645D+00 -.504308352D+00
 0.408467787D+00 -.801489324D+00 -.436771027D+00
 0.520878693D+00 -.688736868D+00 -.504308352D+00
 0.109595386D+00 -.792945176D+00 -.599355320D+00
 0.377416950D+00 -.705924675D+00 -.599355320D+00
 0.602444915D+00 0.437701851D+00 -.667440794D+00
 0.572192155D+00 0.297597531D+00 -.764219763D+00
 0.459849172D+00 0.452224383D+00 -.764219763D+00
 -.230113481D+00 0.708216472D+00 -.667440794D+00
 -.106214971D+00 0.636149773D+00 -.764219763D+00
 -.287989738D+00 0.577087571D+00 -.764219763D+00
 -.744662867D+00 0.989147348D-16 -.667440794D+00
 -.637836618D+00 0.955646500D-01 -.764219763D+00
 -.637836618D+00 -.955646500D-01 -.764219763D+00
 -.230113481D+00 -.708216472D+00 -.667440794D+00
 -.287989738D+00 -.577087571D+00 -.764219763D+00
 -.106214971D+00 -.636149773D+00 -.764219763D+00
 0.602444915D+00 -.437701851D+00 -.667440794D+00
 0.572192155D+00 -.297597531D+00 -.764219763D+00
 0.459849172D+00 -.452224383D+00 -.764219763D+00
     1     1   123   124
     2     1   123   127
     3     1   124   125
     4     1   125   126
     5     1   126   127
     6     2   128   129
     7     2   128   132
     8     2   129   130
     9     2   130   131
    10     2   131   132
    11     3   133   134
    12     3   133   135
    13     3   134   137
    14     3   135   136
    15     3   136   138
    16     3   137   138
    17     4   139   140
    18     4   139   141
    19     4   140   142
    20     4   141   143
    21     4   142   144
    22     4   143   144
    23     5   145   146
    24     5   145   147
    25     5   146   148
    26     5   147   149
    27     5   148   150
    28     5   149   150
    29     6   151   152
    30     6   151   153
    31     6   152   154
    32     6   153   155
    33     6   154   156
    34     6   155   156
    35     7   157   158
    36     7   157   159
    37     7   158   160
    38     7   159   161
    39     7   160   162
    40     7   161   162
    41     8   163   164
    42     8   163   165
    43     8   164   166
    44     8   165   167
    45     8   166   167
    46     9   168   169
    47     9   168   170
    48     9   169   171
    49     9   170   172
    50     9   171   172
    51    10   173   174
    52    10   173   175
    53    10   174   176
    54    10   175   177
    55    10   176   177
    56    11   178   179
    57    11   178   180
    58    11   179   181
    59    11   180   182
    60    11   181   182
    61    12   183   184
    62    12   183   185
    63    12   184   186
    64    12   185   187
    65    12   186   187
    66    13   188   189
    67    13   188   190
    68    13   189   191
    69    13   190   192
    70    13   191   193
    71    13   192   193
    72    14   194   195
    73    14   194   196
    74    14   195   197
    75    14   196   198
    76    14   197   199
    77    14   198   199
    78    15   200   201
    79    15   200   202
    80    15   201   203
    81    15   202   204
    82    15   203   205
    83    15   204   205
    84    16   206   207
    85    16   206   208
    86    16   207   209
    87    16   208   210
    88    16   209   211
    89    16   210   211
    90    17   212   213
    91    17   212   214
    92    17   213   215
    93    17   214   216
    94    17   215   217
    95    17   216   217
    96    18   218   219
    97    18   218   220
    98    18   219   221
    99    18   220   222
   100    18   221   223
   101    18   222   223
   102    19   224   225
   103    19   224   226
   104    19   225   227
   105    19   226   228
   106    19   227   229
   107    19   228   229
   108    20   230   231
   109    20   230   232
   110    20   231   233
   111    20   232   234
   112    20   233   235
   113    20   234   235
   114    21   236   237
   115    21   236   238
   116    21   237   239
   117    21   238   240
   118    21   239   241
   119    21   240   241
   120    22   242   243
   121    22   242   244
   122    22   243   245
   123    22   244   246
   124    22   245   247
   125    22   246   247
   126    23   248   249
   127    23   248   250
   128    23   249   251
   129    23   250   252
   130    23   251   252
   131    24   253   254
   132    24   253   255
   133    24   254   256
   134    24   255   257
   135    24   256   257
   136    25   258   259
   137    25   258   260
   138    25   259   261
   139    25   260   262
   140    25   261   262
   141    26   263   264
   142    26   263   265
   143    26   264   266
   144    26   265   267
   145    26   266   267
   146    27   268   269
   147    27   268   270
   148    27   269   271
   149    27   270   272
   150    27   271   272
   151    28   273   277
   152    28   273   278
   153    28   274   275
   154    28   274   276
   155    28   275   277
   156    28   276   278
   157    29   279   283
   158    29   279   284
   159    29   280   281
   160    29   280   282
   161    29   281   283
   162    29   282   284
   163    30   285   289
   164    30   285   290
   165    30   286   287
   166    30   286   288
   167    30   287   289
   168    30   288   290
   169    31   291   295
   170    31   291   296
   171    31   292   293
   172    31   292   294
   173    31   293   295
   174    31   294   296
   175    32   297   301
   176    32   297   302
   177    32   298   299
   178    32   298   300
   179    32   299   302
   180    32   300   301
   181    33   123   303
   182    33   123   304
   183    33   133   305
   184    33   133   306
   185    33   303   305
   186    33   304   306
   187    34   124   303
   188    34   124   307
   189    34   139   308
   190    34   139   309
   191    34   303   308
   192    34   307   309
   193    35   125   307
   194    35   125   310
   195    35   145   311
   196    35   145   312
   197    35   307   311
   198    35   310   312
   199    36   126   310
   200    36   126   313
   201    36   151   314
   202    36   151   315
   203    36   310   314
   204    36   313   315
   205    37   127   304
   206    37   127   313
   207    37   157   316
   208    37   157   317
   209    37   304   316
   210    37   313   317
   211    38   128   318
   212    38   128   319
   213    38   273   320
   214    38   273   321
   215    38   318   320
   216    38   319   321
   217    39   129   318
   218    39   129   322
   219    39   279   323
   220    39   279   324
   221    39   318   323
   222    39   322   324
   223    40   130   322
   224    40   130   325
   225    40   285   326
   226    40   285   327
   227    40   322   326
   228    40   325   327
   229    41   131   325
   230    41   131   328
   231    41   291   329
   232    41   291   330
   233    41   325   329
   234    41   328   330
   235    42   132   319
   236    42   132   328
   237    42   297   331
   238    42   297   332
   239    42   319   331
   240    42   328   332
   241    43   134   305
   242    43   134   333
   243    43   140   308
   244    43   140   334
   245    43   305   308
   246    43   333   334
   247    44   135   306
   248    44   135   335
   249    44   158   316
   250    44   158   336
   251    44   306   316
   252    44   335   336
   253    45   136   335
   254    45   136   337
   255    45   163   338
   256    45   163   339
   257    45   335   338
   258    45   337   339
   259    46   137   333
   260    46   137   340
   261    46   168   341
   262    46   168   342
   263    46   333   341
   264    46   340   342
   265    47   138   337
   266    47   138   340
   267    47   188   343
   268    47   188   344
   269    47   337   343
   270    47   340   344
   271    48   141   309
   272    48   141   345
   273    48   146   311
   274    48   146   346
   275    48   309   311
   276    48   345   346
   277    49   142   334
   278    49   142   347
   279    49   169   341
   280    49   169   348
   281    49   334   341
   282    49   347   348
   283    50   143   345
   284    50   143   349
   285    50   173   350
   286    50   173   351
   287    50   345   350
   288    50   349   351
   289    51   144   347
   290    51   144   349
   291    51   194   352
   292    51   194   353
   293    51   347   352
   294    51   349   353
   295    52   147   312
   296    52   147   354
   297    52   152   314
   298    52   152   355
   299    52   312   314
   300    52   354   355
   301    53   148   346
   302    53   148   356
   303    53   174   350
   304    53   174   357
   305    53   346   350
   306    53   356   357
   307    54   149   354
   308    54   149   358
   309    54   178   359
   310    54   178   360
   311    54   354   359
   312    54   358   360
   313    55   150   356
   314    55   150   358
   315    55   200   361
   316    55   200   362
   317    55   356   361
   318    55   358   362
   319    56   153   315
   320    56   153   363
   321    56   159   317
   322    56   159   364
   323    56   315   317
   324    56   363   364
   325    57   154   355
   326    57   154   365
   327    57   179   359
   328    57   179   366
   329    57   355   359
   330    57   365   366
   331    58   155   363
   332    58   155   367
   333    58   183   368
   334    58   183   369
   335    58   363   368
   336    58   367   369
   337    59   156   365
   338    59   156   367
   339    59   206   370
   340    59   206   371
   341    59   365   370
   342    59   367   371
   343    60   160   336
   344    60   160   372
   345    60   164   338
   346    60   164   373
   347    60   336   338
   348    60   372   373
   349    61   161   364
   350    61   161   374
   351    61   184   368
   352    61   184   375
   353    61   364   368
   354    61   374   375
   355    62   162   372
   356    62   162   374
   357    62   212   376
   358    62   212   377
   359    62   372   376
   360    62   374   377
   361    63   165   339
   362    63   165   378
   363    63   189   343
   364    63   189   379
   365    63   339   343
   366    63   378   379
   367    64   166   373
   368    64   166   380
   369    64   213   376
   370    64   213   381
   371    64   373   376
   372    64   380   381
   373    65   167   378
   374    65   167   380
   375    65   218   382
   376    65   218   383
   377    65   378   382
   378    65   380   383
   379    66   170   342
   380    66   170   384
   381    66   190   344
   382    66   190   385
   383    66   342   344
   384    66   384   385
   385    67   171   348
   386    67   171   386
   387    67   195   352
   388    67   195   387
   389    67   348   352
   390    67   386   387
   391    68   172   384
   392    68   172   386
   393    68   224   388
   394    68   224   389
   395    68   384   388
   396    68   386   389
   397    69   175   351
   398    69   175   390
   399    69   196   353
   400    69   196   391
   401    69   351   353
   402    69   390   391
   403    70   176   357
   404    70   176   392
   405    70   201   361
   406    70   201   393
   407    70   357   361
   408    70   392   393
   409    71   177   390
   410    71   177   392
   411    71   230   394
   412    71   230   395
   413    71   390   394
   414    71   392   395
   415    72   180   360
   416    72   180   396
   417    72   202   362
   418    72   202   397
   419    72   360   362
   420    72   396   397
   421    73   181   366
   422    73   181   398
   423    73   207   370
   424    73   207   399
   425    73   366   370
   426    73   398   399
   427    74   182   396
   428    74   182   398
   429    74   236   400
   430    74   236   401
   431    74   396   400
   432    74   398   401
   433    75   185   369
   434    75   185   402
   435    75   208   371
   436    75   208   403
   437    75   369   371
   438    75   402   403
   439    76   186   375
   440    76   186   404
   441    76   214   377
   442    76   214   405
   443    76   375   377
   444    76   404   405
   445    77   187   402
   446    77   187   404
   447    77   242   406
   448    77   242   407
   449    77   402   406
   450    77   404   407
   451    78   191   379
   452    78   191   408
   453    78   219   382
   454    78   219   409
   455    78   379   382
   456    78   408   409
   457    79   192   385
   458    79   192   410
   459    79   225   388
   460    79   225   411
   461    79   385   388
   462    79   410   411
   463    80   193   408
   464    80   193   410
   465    80   248   412
   466    80   248   413
   467    80   408   412
   468    80   410   413
   469    81   197   387
   470    81   197   414
   471    81   226   389
   472    81   226   415
   473    81   387   389
   474    81   414   415
   475    82   198   391
   476    82   198   416
   477    82   231   394
   478    82   231   417
   479    82   391   394
   480    82   416   417
   481    83   199   414
   482    83   199   416
   483    83   253   418
   484    83   253   419
   485    83   414   418
   486    83   416   419
   487    84   203   393
   488    84   203   420
   489    84   232   395
   490    84   232   421
   491    84   393   395
   492    84   420   421
   493    85   204   397
   494    85   204   422
   495    85   237   400
   496    85   237   423
   497    85   397   400
   498    85   422   423
   499    86   205   420
   500    86   205   422
   501    86   258   424
   502    86   258   425
   503    86   420   424
   504    86   422   425
   505    87   209   399
   506    87   209   426
   507    87   238   401
   508    87   238   427
   509    87   399   401
   510    87   426   427
   511    88   210   403
   512    88   210   428
   513    88   243   406
   514    88   243   429
   515    88   403   406
   516    88   428   429
   517    89   211   426
   518    89   211   428
   519    89   263   430
   520    89   263   431
   521    89   426   430
   522    89   428   431
   523    90   215   381
   524    90   215   432
   525    90   220   383
   526    90   220   433
   527    90   381   383
   528    90   432   433
   529    91   216   405
   530    91   216   434
   531    91   244   407
   532    91   244   435
   533    91   405   407
   534    91   434   435
   535    92   217   432
   536    92   217   434
   537    92   268   436
   538    92   268   437
   539    92   432   436
   540    92   434   437
   541    93   221   409
   542    93   221   438
   543    93   249   412
   544    93   249   439
   545    93   409   412
   546    93   438   439
   547    94   222   433
   548    94   222   440
   549    94   269   436
   550    94   269   441
   551    94   433   436
   552    94   440   441
   553    95   223   438
   554    95   223   440
   555    95   274   442
   556    95   274   443
   557    95   438   442
   558    95   440   443
   559    96   227   411
   560    96   227   444
   561    96   250   413
   562    96   250   445
   563    96   411   413
   564    96   444   445
   565    97   228   415
   566    97   228   446
   567    97   254   418
   568    97   254   447
   569    97   415   418
   570    97   446   447
   571    98   229   444
   572    98   229   446
   573    98   280   448
   574    98   280   449
   575    98   444   448
   576    98   446   449
   577    99   233   417
   578    99   233   450
   579    99   255   419
   580    99   255   451
   581    99   417   419
   582    99   450   451
   583   100   234   421
   584   100   234   452
   585   100   259   424
   586   100   259   453
   587   100   421   424
   588   100   452   453
   589   101   235   450
   590   101   235   452
   591   101   286   454
   592   101   286   455
   593   101   450   454
   594   101   452   455
   595   102   239   423
   596   102   239   456
   597   102   260   425
   598   102   260   457
   599   102   423   425
   600   102   456   457
   601   103   240   427
   602   103   240   458
   603   103   264   430
   604   103   264   459
   605   103   427   430
   606   103   458   459
   607   104   241   456
   608   104   241   458
   609   104   292   460
   610   104   292   461
   611   104   456   460
   612   104   458   461
   613   105   245   429
   614   105   245   462
   615   105   265   431
   616   105   265   463
   617   105   429   431
   618   105   462   463
   619   106   246   435
   620   106   246   464
   621   106   270   437
   622   106   270   465
   623   106   435   437
   624   106   464   465
   625   107   247   462
   626   107   247   464
   627   107   298   466
   628   107   298   467
   629   107   462   466
   630   107   464   467
   631   108   251   439
   632   108   251   468
   633   108   275   442
   634   108   275   469
   635   108   439   442
   636   108   468   469
   637   109   252   445
   638   109   252   468
   639   109   281   448
   640   109   281   470
   641   109   445   448
   642   109   468   470
   643   110   256   447
   644   110   256   471
   645   110   282   449
   646   110   282   472
   647   110   447   449
   648   110   471   472
   649   111   257   451
   650   111   257   471
   651   111   287   454
   652   111   287   473
   653   111   451   454
   654   111   471   473
   655   112   261   453
   656   112   261   474
   657   112   288   455
   658   112   288   475
   659   112   453   455
   660   112   474   475
   661   113   262   457
   662   113   262   474
   663   113   293   460
   664   113   293   476
   665   113   457   460
   666   113   474   476
   667   114   266   459
   668   114   266   477
   669   114   294   461
   670   114   294   478
   671   114   459   461
   672   114   477   478
   673   115   267   463
   674   115   267   477
   675   115   299   466
   676   115   299   479
   677   115   463   466
   678   115   477   479
   679   116   271   441
   680   116   271   480
   681   116   276   443
   682   116   276   481
   683   116   441   443
   684   116   480   481
   685   117   272   465
   686   117   272   480
   687   117   300   467
   688   117   300   482
   689   117   465   467
   690   117   480   482
   691   118   277   320
   692   118   277   469
   693   118   283   323
   694   118   283   470
   695   118   320   323
   696   118   469   470
   697   119   278   321
   698   119   278   481
   699   119   301   331
   700   119   301   482
   701   119   321   331
   702   119   481   482
   703   120   284   324
   704   120   284   472
   705   120   289   326
   706   120   289   473
   707   120   324   326
   708   120   472   473
   709   121   290   327
   710   121   290   475
   711   121   295   329
   712   121   295   476
   713   121   327   329
   714   121   475   476
   715   122   296   330
   716   122   296   478
   717   122   302   332
   718   122   302   479
   719   122   330   332
   720   122   478   479
   721   123   124   303
   722   123   127   304
   723   124   125   307
   724   125   126   310
   725   126   127   313
   726   128   129   318
   727   128   132   319
   728   129   130   322
   729   130   131   325
   730   131   132   328
   731   133   134   305
   732   133   135   306
   733   134   137   333
   734   135   136   335
   735   136   138   337
   736   137   138   340
   737   139   140   308
   738   139   141   309
   739   140   142   334
   740   141   143   345
   741   142   144   347
   742   143   144   349
   743   145   146   311
   744   145   147   312
   745   146   148   346
   746   147   149   354
   747   148   150   356
   748   149   150   358
   749   151   152   314
   750   151   153   315
   751   152   154   355
   752   153   155   363
   753   154   156   365
   754   155   156   367
   755   157   158   316
   756   157   159   317
   757   158   160   336
   758   159   161   364
   759   160   162   372
   760   161   162   374
   761   163   164   338
   762   163   165   339
   763   164   166   373
   764   165   167   378
   765   166   167   380
   766   168   169   341
   767   168   170   342
   768   169   171   348
   769   170   172   384
   770   171   172   386
   771   173   174   350
   772   173   175   351
   773   174   176   357
   774   175   177   390
   775   176   177   392
   776   178   179   359
   777   178   180   360
   778   179   181   366
   779   180   182   396
   780   181   182   398
   781   183   184   368
   782   183   185   369
   783   184   186   375
   784   185   187   402
   785   186   187   404
   786   188   189   343
   787   188   190   344
   788   189   191   379
   789   190   192   385
   790   191   193   408
   791   192   193   410
   792   194   195   352
   793   194   196   353
   794   195   197   387
   795   196   198   391
   796   197   199   414
   797   198   199   416
   798   200   201   361
   799   200   202   362
   800   201   203   393
   801   202   204   397
   802   203   205   420
   803   204   205   422
   804   206   207   370
   805   206   208   371
   806   207   209   399
   807   208   210   403
   808   209   211   426
   809   210   211   428
   810   212   213   376
   811   212   214   377
   812   213   215   381
   813   214   216   405
   814   215   217   432
   815   216   217   434
   816   218   219   382
   817   218   220   383
   818   219   221   409
   819   220   222   433
   820   221   223   438
   821   222   223   440
   822   224   225   388
   823   224   226   389
   824   225   227   411
   825   226   228   415
   826   227   229   444
   827   228   229   446
   828   230   231   394
   829   230   232   395
   830   231   233   417
   831   232   234   421
   832   233   235   450
   833   234   235   452
   834   236   237   400
   835   236   238   401
   836   237   239   423
   837   238   240   427
   838   239   241   456
   839   240   241   458
   840   242   243   406
   841   242   244   407
   842   243   245   429
   843   244   246   435
   844   245   247   462
   845   246   247   464
   846   248   249   412
   847   248   250   413
   848   249   251   439
   849   250   252   445
   850   251   252   468
   851   253   254   418
   852   253   255   419
   853   254   256   447
   854   255   257   451
   855   256   257   471
   856   258   259   424
   857   258   260   425
   858   259   261   453
   859   260   262   457
   860   261   262   474
   861   263   264   430
   862   263   265   431
   863   264   266   459
   864   265   267   463
   865   266   267   477
   866   268   269   436
   867   268   270   437
   868   269   271   441
   869   270   272   465
   870   271   272   480
   871   273   277   320
   872   273   278   321
   873   274   275   442
   874   274   276   443
   875   275   277   469
   876   276   278   481
   877   279   283   323
   878   279   284   324
   879   280   281   448
   880   280   282   449
   881   281   283   470
   882   282   284   472
   883   285   289   326
   884   285   290   327
   885   286   287   454
   886   286   288   455
   887   287   289   473
   888   288   290   475
   889   291   295   329
   890   291   296   330
   891   292   293   460
   892   292   294   461
   893   293   295   476
   894   294   296   478
   895   297   301   331
   896   297   302   332
   897   298   299   466
   898   298   300   467
   899   299   302   479
   900   300   301   482
   901   303   305   308
   902   304   306   316
   903   307   309   311
   904   310   312   314
   905   313   315   317
   906   318   320   323
   907   319   321   331
   908   322   324   326
   909   325   327   329
   910   328   330   332
   911   333   334   341
   912   335   336   338
   913   337   339   343
   914   340   342   344
   915   345   346   350
   916   347   348   352
   917   349   351   353
   918   354   355   359
   919   356   357   361
   920   358   360   362
   921   363   364   368
   922   365   366   370
   923   367   369   371
   924   372   373   376
   925   374   375   377
   926   378   379   382
   927   380   381   383
   928   384   385   388
   929   386   387   389
   930   390   391   394
   931   392   393   395
   932   396   397   400
   933   398   399   401
   934   402   403   406
   935   404   405   407
   936   408   409   412
   937   410   411   413
   938   414   415   418
   939   416   417   419
   940   420   421   424
   941   422   423   425
   942   426   427   430
   943   428   429   431
   944   432   433   436
   945   434   435   437
   946   438   439   442
   947   440   441   443
   948   444   445   448
   949   446   447   449
   950   450   451   454
   951   452   453   455
   952   456   457   460
   953   458   459   461
   954   462   463   466
   955   464   465   467
   956   468   469   470
   957   471   472   473
   958   474   475   476
   959   477   478   479
   960   480   481   482
